[0.49486975 0.37785306 0.23037093]
[0.58613358 0.72361953 0.08040203]
[0.26680503 0.3647172  0.07357984]
[0.49289588 0.60283122 0.23546949]
[0.41149823 0.55051765 0.05311235]
[0.86024536 0.64718915 0.46839683]
[0.79255148 0.80088824 0.6153797 ]
[0.58316754 0.56381924 0.39543843]
[0.388871   0.26495056 0.12563635]
[0.36912311 0.47363146 0.17624491]
[0.92136978 0.87713351 0.78849314]
[0.095338  0.1010309 0.0510014]
[0.61862477 0.72781442 0.3022171 ]
[0.72451732 0.48972764 0.29461021]
[0.2066771  0.20001093 0.09330579]
[0.68104024 0.7629672  0.45853609]
